IC: 0.03888295218348503
RIC: 0.002016304060816765
MAE: 0.007989238947629929
RMSE: 0.010673289187252522

