IC: 0.022618379443883896
RIC: 0.10579674690961838
MAE: 0.013077212497591972
RMSE: 0.017374014481902122

