IC: 0.009746895171701908
RIC: 0.18105025589466095
MAE: 0.008570725098252296
RMSE: 0.011853612959384918

