IC: 0.19827283918857574
RIC: 0.3116866946220398
MAE: 0.008270272053778172
RMSE: 0.010909579694271088

