IC: 0.10734734684228897
RIC: 0.05637804791331291
MAE: 0.007948623038828373
RMSE: 0.010651114396750927

