IC: 0.09745326638221741
RIC: 0.06351970881223679
MAE: 0.012843762524425983
RMSE: 0.016648324206471443

