IC: 0.022422170266509056
RIC: 0.017253709957003593
MAE: 0.007074891589581966
RMSE: 0.009314236231148243

made it to 63 epochs