
IC: 0.04884215071797371
RIC: 0.027793489396572113
MAE: 0.007070253603160381
RMSE: 0.009439846500754356


made it to 74 epochs